1008.99994 1118.46875
498.76352 760.9022216796875
620.06866 994.8842163085938
683.63654 670.2521362304688
897.47217 802.266357421875
734.82025 416.85626220703125
299.60825 801.4161376953125
769.0411 905.4415893554688
516.11945 677.5245971679688
578.9713 512.3593139648438
665.7673 585.8526611328125
419.09927 579.66455078125
649.06647 383.09942626953125
364.14047 971.43359375
571.82227 409.25848388671875
575.136 583.3170166015625
729.2401 753.9443969726562
532.0899 1742.9805908203125
368.4542 658.1342163085938
492.60645 481.82940673828125
384.58878 1015.352783203125
