985.39264 970.67529296875
806.6938 1743.8480224609375
918.74146 441.1681823730469
743.5255 645.5391845703125
501.697 757.8466796875
618.5008 698.7577514648438
663.2791 493.38543701171875
286.5496 682.28125
505.57782 448.80999755859375
331.2932 721.7703247070312
384.0315 785.3231201171875
686.0482 763.1221923828125
608.47687 562.9469604492188
424.9083 1450.0196533203125
272.45844 927.8960571289062
438.72223 882.2160034179688
531.31714 648.9849853515625
339.1216 862.5339965820312
414.2692 456.81671142578125
546.0759 587.4923706054688
460.01215 630.0797729492188
408.04218 640.3571166992188
