926.6685 790.427001953125
385.77567 678.5029907226562
496.3037 447.65179443359375
901.1239 697.4913940429688
498.22693 708.1890869140625
538.9001 1649.636962890625
442.4163 817.1028442382812
697.832 826.5328369140625
103.58966 983.5245971679688
513.2396 1057.4249267578125
695.0285 877.4381713867188
500.22473 648.2421875
266.66458 1178.5078125
492.0505 521.2994995117188
311.49106 614.3773803710938
299.56845 677.6068115234375
261.25015 1080.2991943359375
249.48361 1129.4049072265625
396.67896 513.7083129882812
397.21857 567.3568725585938
376.70114 612.1920776367188
412.6742 445.1222839355469
