956.8805 1126.7020263671875
838.4952 652.6407470703125
818.2612 775.40771484375
767.0802 1475.770751953125
327.4847 866.6297607421875
698.0119 815.4530029296875
614.65826 1102.839599609375
488.27753 1516.370849609375
769.2417 993.6824951171875
454.67914 699.3167724609375
703.43787 682.195068359375
420.17847 938.103515625
621.8952 884.1087036132812
335.16977 987.179931640625
607.8712 778.3284912109375
747.793 609.4686279296875
535.6178 912.930419921875
555.91394 262.7713928222656
567.7386 712.896240234375
618.49414 704.0853271484375
465.6554 768.10888671875
506.6773 757.8926391601562
