843.99664 1008.81298828125
930.2984 1249.787353515625
559.19183 786.71044921875
634.15186 634.1090087890625
554.19 580.3233642578125
694.0633 836.8087158203125
665.3142 1730.2750244140625
464.11874 664.4859008789062
427.64804 1217.5450439453125
443.5781 451.3258056640625
469.57803 373.74798583984375
604.1868 738.85888671875
399.40414 752.2559204101562
562.1766 698.615234375
463.66064 771.2236328125
504.8441 914.1705932617188
366.67242 660.0108032226562
462.24985 726.29833984375
389.17233 947.38134765625
423.48334 905.5184936523438
326.58286 685.9810180664062
377.14233 699.0614624023438
