976.0916 1134.1982421875
800.8496 697.1671752929688
392.1923 902.2659301757812
839.7929 545.4879760742188
681.3204 998.385498046875
805.6638 1066.7725830078125
755.05664 513.9676513671875
620.48846 811.7305908203125
545.4446 853.4321899414062
697.8566 590.5214233398438
399.85968 681.9223022460938
558.48334 215.06777954101562
308.68713 812.6333618164062
527.8391 1636.86376953125
492.61426 1039.40087890625
692.88885 735.5184326171875
309.8676 953.7005004882812
563.66736 692.613525390625
548.3633 618.4707641601562
495.03995 686.031494140625
600.0143 623.6790161132812
437.11548 689.5806274414062
